Add Card Record Command
0.0.0.0;1;1;1250;;1;1350;1;0;0;0;0;0;0;0;0;0;0;0;2025/01/01;00:00:00;2025/12/31;23:59:59;0;0;0;0;0

0024; 0100; 1;   1; 1250; 0; 1; 1350; 1; 0; 0; 0; 0; 0; 0; 0; 0; 0; 0; 0; 1;  0; 0; 2025/12/31; 23:59:59; 0; 0; 0; 0; 0;



AddCode; MsgLen;  CardSetID;  NoFmt;  CardNum;  Pin;  AccType;  UniqueID;  AG1;  AG2;  AG3;  AG4;  AG5;  AG6;  AG7;  AG8;  PBExempt;  InSuppressed;  ExtAcc;  PinCmds;  CardILvl;  StartDate;  EndDate;  EscortID;  InElevGrp;  OutElevGrp;  OutGrpMode;  PinExempt;

   0024;   0100;         1;       1;     1250;    0;        1;      1350;    1;    0;    0;    0;    0;    0;    0;    0;         0;             0;       0;        0;         0;          0;        0;         0;          0;           0;           0;          1;
   0024;   0100;         1;       1;     {CN};    0;        1;     {UID};    1;    0;    0;    0;    0;    0;    0;    0;         0;             0;       0;        0;         0;          0;        0;         0;          0;           0;           0;          1;
   
   
   
   
0024;0068;1;1;{CN};0;1;{UID};1;0;0;0;0;0;0;0;0;0;0;0;0;0;0;0;0;0;0;1;
0024;0068;1;1;1250;0;1;1350;1;0;0;0;0;0;0;0;0;0;0;0;0;0;0;0;0;0;0;1;
